0.0  1.0 
0.1  0.9968558447216654 0.0025304512585106816 0.0006136879100323097 1.610979091573262e-8 
0.2  0.9871510779064473 0.010527769513886858 0.0023199224540238054 1.182242107627844e-6 1.8497312383169995e-8 1.7738344944548416e-8 1.164787652253917e-8 
0.3  0.9696777228338106 0.025583700520904175 0.0047204718275656475 1.6804878716934323e-5 5.984029979528652e-7 5.866731988439601e-7 1.0138311461962844e-7 1.3479691081053694e-8 
0.4  0.9406601033030654 0.05203104842370443 0.007169911253895015 0.00012174557459406063 8.348562540391512e-6 8.275565647850824e-6 3.6632870015001395e-7 9.652932910830728e-8 8.0992676698955e-8 2.346584766314673e-8 
0.5  0.8908145641358002 0.0997434867493324 0.00882697167777039 0.00048266363401583114 6.66674665315023e-5 6.405828301306619e-5 7.551147485554209e-7 4.2581187379636613e-7 2.385633662152264e-7 1.2515720056887603e-7 3.034720801720592e-8 1.3059139182443e-8 
0.6  0.8110128348806863 0.17848812041266876 0.009004457449777573 0.0009425497389914179 0.0003093535778893018 0.0002401263718937978 1.0191666621730144e-6 7.029874907649303e-7 4.0818089166730145e-7 3.112877829177446e-7 7.966498510671096e-8 3.62802810437101e-8 
0.7  0.7179322560253165 0.27180513177840027 0.008009523065701813 0.0010006275393292072 0.0008158188613141377 0.0004338900882694207 1.0362340297621128e-6 6.41972083067238e-7 4.761898458765367e-7 4.1457790934125124e-7 1.1569925218013529e-7 5.7836981271080667e-8 5.6239197481844855e-9 4.507648029656712e-9 
0.8  0.6428855909909003 0.34760393004154616 0.006838598991992013 0.0014130368917303494 0.000777460039040946 0.0004789626326087193 9.250822500013339e-7 4.615488633058512e-7 4.4134304177551666e-7 3.7016719738975346e-7 1.322226747650205e-7 6.549295641197032e-8 1.6161012507696542e-8 8.394184716538677e-9 
0.9  0.5937215962756641 0.397409693500208 0.005963563957994833 0.0019270099205921135 0.0005546727489389916 0.0004214355860001004 7.986094357424275e-7 4.254975768970076e-7 2.7863401923403136e-7 2.7371418817176487e-7 1.4280244127260662e-7 6.566269870673267e-8 3.0944448759181164e-8 1.2145793566568771e-8 
1.0  0.563297233392334 0.4282554371864156 0.005383297827280936 0.002319502999349848 0.0003993928690267925 0.00034340435476806015 6.92274318535295e-7 3.931251053028338e-7 1.9068723299676133e-7 1.76242043195845e-7 1.5134650682648527e-7 6.445306208126319e-8 4.718572221313868e-8 1.6056834294163372e-8 
1.1  0.5442549545308564 0.4475553267273013 0.0050030689997744215 0.00261087178916384 0.0002980927495998025 0.0002761532425819971 6.091648641912452e-7 3.6861434958300004e-7 1.5804632362086045e-7 1.3430371543144852e-7 1.151081312344309e-7 6.319146117851915e-8 6.314249293318867e-8 2.0389385119401412e-8 
1.2  0.5319404071975211 0.4600251517279564 0.004748872093324311 0.0028284535334470212 0.00023128452817563406 0.0002244288887815427 5.450355733214783e-7 3.50821151753526e-7 1.6296493034707322e-7 1.0180270285407969e-7 7.828037397809886e-8 7.801865557279299e-8 5.987190360675673e-8 2.5235502714472147e-8 
1.3  0.5236807841674916 0.4683782791760291 0.004574269232398199 0.0029937935390759417 0.00018582077403327173 0.00018573495885080318 4.95210112417216e-7 3.379841074310304e-7 1.6645375589567855e-7 9.156561162014149e-8 8.983366634603648e-8 5.560821494828598e-8 5.097502674174201e-8 3.0521626563314146e-8 
0.0  1.0 
0.1  0.9968558447216654 0.0025304512585106816 0.0006136879100323097 1.610979091573262e-8 
0.2  0.9871510779064473 0.010527769513886856 0.0023199224540238063 1.182242107627844e-6 1.849731238317004e-8 1.7738344944548416e-8 1.1647876522539188e-8 
0.3  0.9696777228338106 0.025583700520904175 0.0047204718275656475 1.6804878716934323e-5 5.984029979528652e-7 5.866731988439601e-7 1.0138311461962844e-7 1.3479691081053694e-8 
0.4  0.9406601033030654 0.05203104842370443 0.007169911253895015 0.00012174557459406063 8.348562540391512e-6 8.275565647850824e-6 3.6632870015001395e-7 9.652932910830728e-8 8.0992676698955e-8 2.346584766314673e-8 
0.5  0.8908145641358002 0.0997434867493324 0.00882697167777039 0.00048266363401583114 6.66674665315023e-5 6.405828301306619e-5 7.551147485554209e-7 4.2581187379636613e-7 2.385633662152264e-7 1.2515720056887603e-7 3.034720801720592e-8 1.3059139182443e-8 
0.6  0.8110128348806863 0.17848812041266876 0.009004457449777573 0.0009425497389914179 0.0003093535778893018 0.0002401263718937978 1.0191666621730144e-6 7.029874907649303e-7 4.0818089166730145e-7 3.112877829177446e-7 7.966498510671096e-8 3.62802810437101e-8 
0.7  0.7179322560253165 0.27180513177840027 0.008009523065701813 0.0010006275393292072 0.0008158188613141377 0.0004338900882694207 1.0362340297621128e-6 6.41972083067238e-7 4.761898458765367e-7 4.1457790934125124e-7 1.1569925218013529e-7 5.7836981271080667e-8 5.6239197481844855e-9 4.507648029656712e-9 
0.8  0.6428855909909003 0.34760393004154616 0.006838598991992013 0.0014130368917303494 0.000777460039040946 0.0004789626326087193 9.250822500013339e-7 4.615488633058512e-7 4.4134304177551666e-7 3.7016719738975346e-7 1.322226747650205e-7 6.549295641197032e-8 1.6161012507696542e-8 8.394184716538677e-9 
0.9  0.5937215962756641 0.397409693500208 0.005963563957994833 0.0019270099205921135 0.0005546727489389916 0.0004214355860001004 7.986094357424275e-7 4.254975768970076e-7 2.7863401923403136e-7 2.7371418817176487e-7 1.4280244127260662e-7 6.566269870673267e-8 3.0944448759181164e-8 1.2145793566568771e-8 
1.0  0.563297233392334 0.4282554371864156 0.005383297827280936 0.002319502999349848 0.0003993928690267925 0.00034340435476806015 6.92274318535295e-7 3.931251053028338e-7 1.9068723299676133e-7 1.76242043195845e-7 1.5134650682648527e-7 6.445306208126319e-8 4.718572221313868e-8 1.6056834294163372e-8 
1.1  0.5442549545308564 0.4475553267273013 0.0050030689997744215 0.00261087178916384 0.0002980927495998025 0.0002761532425819971 6.091648641912452e-7 3.6861434958300004e-7 1.5804632362086045e-7 1.3430371543144852e-7 1.151081312344309e-7 6.319146117851915e-8 6.314249293318867e-8 2.0389385119401412e-8 
1.2  0.5319404071975211 0.4600251517279564 0.004748872093324311 0.0028284535334470212 0.00023128452817563406 0.0002244288887815427 5.450355733214783e-7 3.50821151753526e-7 1.6296493034707322e-7 1.0180270285407969e-7 7.828037397809886e-8 7.801865557279299e-8 5.987190360675673e-8 2.5235502714472147e-8 
1.3  0.5236807841674916 0.4683782791760291 0.004574269232398199 0.0029937935390759417 0.00018582077403327173 0.00018573495885080318 4.95210112417216e-7 3.379841074310304e-7 1.6645375589567855e-7 9.156561162014149e-8 8.983366634603648e-8 5.560821494828598e-8 5.097502674174201e-8 3.0521626563314146e-8 
1.4  0.5179460004198708 0.47416904974080776 0.004451138500086031 0.0031220201600548215 0.00015673159376439287 0.0001537950097708009 4.5597023380775484e-7 3.2868300969112516e-7 1.688495055283928e-7 1.0376836232144233e-7 8.97865708158152e-8 4.271574631662377e-8 3.996781270170882e-8 3.4834404370001365e-8 
1.5  0.5138382099066096 0.47830962172783725 0.004362244981054487 0.003223486388418203 0.0001347116041316995 0.00013049407342681174 4.245908541760792e-7 3.219013587911897e-7 1.7043751119541016e-7 1.1471449679963049e-7 9.419975838869642e-8 4.497730007510568e-8 3.096687705634036e-8 2.9530365855008898e-8 
1.6  0.5108134225476427 0.481352549021315 0.004296755083648683 0.003305296388297926 0.00011771800312126808 0.00011304689417579599 3.991154339354131e-7 3.169313688151041e-7 1.7143868762890114e-7 1.2452820565063421e-7 1.0064260185206711e-7 5.1916341941858364e-8 2.4297688028007257e-8 2.319147146453449e-8 
1.7  0.5085311659796202 0.4836435443936802 0.0042476659818564515 0.0033723897874775575 0.00010438010450859866 9.965102535477406e-5 3.781382234698428e-7 3.1328012724666017e-7 1.7201735647267288e-7 1.3333973224573316e-7 1.0832847165855985e-7 5.968344226974161e-8 1.9413254216621015e-8 1.852689616588156e-8 
1.8  0.5067717205259115 0.4854056118897224 0.004210327476361796 0.0034282598307854018 9.374061840792062e-5 8.913904781727424e-5 3.606399325526358e-7 3.106009670739868e-7 1.7229355277381654e-7 1.412719362992344e-7 1.1690570113819716e-7 6.80016014558139e-8 1.580005639505136e-8 1.5097246720259857e-8 
1.9  0.5053895361035373 0.48678642849924314 0.004181577833286105 0.0034754103710500426 8.511829124991602e-5 8.072535115967616e-5 3.4582760768299546e-7 3.0864962869298537e-7 1.723171028069318e-7 1.4843316257338103e-7 1.2616824142552267e-7 7.677209084448674e-8 1.296732254898192e-8 1.2415316995963063e-8 
2.0  0.5042847313089566 0.4878872079875842 0.004159205702251507 0.00351570698616176 7.804639256341053e-5 7.38907146914736e-5 3.3323009369205794e-7 3.072410336700649e-7 1.7222902834594773e-7 1.5492504009496913e-7 1.359727845725186e-7 8.592712575817038e-8 1.090951854079222e-8 1.0473166277379595e-8 
2.1  0.503388462619771 0.48877785127108725 0.004141638069433726 0.0035505054990902247 7.212291038542187e-5 6.820951643581105e-5 3.221794175350174e-7 3.062761734552263e-7 1.7180392006919991e-7 1.6084257939236722e-7 1.4610721178936236e-7 9.524004993361168e-8 7.664445028041278e-9 
2.2  0.5026513538905952 0.48950810015143786 0.004127769979386631 0.0035808592051373845 6.71880426399181e-5 6.350320452025916e-5 3.1268161058044397e-7 3.055799391810625e-7 1.7159291711510326e-7 1.6622473042980812e-7 1.5662108762194144e-7 1.0504089750426486e-7 7.785100156285535e-9 
2.3  0.5020379079665466 0.4901140205719482 0.004116752525481212 0.0036075567740499652 6.299535406544256e-5 5.952535378876803e-5 3.0514544576378723e-7 3.044523186453546e-7 1.712939086984611e-7 1.7115625528991966e-7 1.6747303809639882e-7 1.1498296359745347e-7 6.950192186073378e-9 
2.4  0.5015217241626877 0.4906222987105342 0.004107968146263036 0.0036312209101269297 5.9401317002867454e-5 5.612825876501067e-5 3.0489894499539894e-7 2.9718668232760964e-7 1.78501494407164e-7 1.7568712701714232e-7 1.7095869235658598e-7 1.251071900393194e-7 6.1544910473392415e-9 
2.5  0.5010831651548879 0.49105278163645927 0.004100947800189626 0.0036523374978368476 5.629238360143004e-5 5.319912649101739e-5 3.0479503200604533e-7 2.906910260518733e-7 1.8967249596619976e-7 1.7986367179142997e-7 1.7058995463204006e-7 1.3535208870472771e-7 5.436264195146259e-9 
2.6  0.5007068504683971 0.4914210355241315 0.0040953201384872255 0.003671309619678536 5.356084485880679e-5 5.063374762731239e-5 3.0482178128182126e-7 2.846885613484941e-7 2.0077551880407853e-7 1.837332684365175e-7 1.7010139351115626e-7 1.4553629582346582e-7 
2.7  0.5003816386082096 0.49173817366434697 0.004090833937338027 0.0036884442292890863 5.118977331336535e-5 4.841028469843954e-5 3.049252722908018e-7 2.795375484510866e-7 2.1208048983507727e-7 1.8731021813312367e-7 1.6973316207251767e-7 1.559161141293044e-7 
2.8  0.5000983719818625 0.49201349054770155 0.0040872596683284934 0.0037040001312553194 4.909678456073833e-5 4.645118940177011e-5 3.0509824560821755e-7 2.7489038328332194e-7 2.2339597430701605e-7 1.9063464014356658e-7 1.69363955535769e-7 1.663136908926251e-7 
2.9  0.49984994664095717 0.4922541346466808 0.004084426940926373 0.003718188687659509 4.723848920367064e-5 4.471447025409973e-5 3.053250286609515e-7 2.7067890277554435e-7 2.3468961485024997e-7 1.9373206995458923e-7 1.767009685829287e-7 1.6899773375043112e-7 
